  121
Acinetobacter_sp._ADP1_                                       0.000000 0.576983 0.677474 0.374115 0.583735 0.633441 0.593842 0.592970 0.561005 0.429958 0.353768 0.424704 0.618222 0.635291 0.531977 0.355432 0.692793 0.572005 0.330382 0.760975 0.600902 0.661086 0.558471 0.572823 0.734885 0.587607 0.372168 0.684631 0.370894 0.546150 0.593088 0.569316 0.549797 0.569869 0.571593 0.363489 0.394423 0.572992 0.570474 0.330648 0.361000 0.642431 0.492464 0.277298 0.405863 0.565083 0.651444 0.352803 0.594187 0.562289 0.596585 0.562839 0.676920 0.703750 0.711356 0.607891 0.737008 0.608316 0.564272 0.658598 0.537871 0.316670 0.618979 0.336030 0.317221 0.675953 1.685211 1.535587 1.758007 1.606795 1.258848 1.461598 1.246246 1.298153 1.332714 1.619414 1.658631 1.699962 1.519597 1.390787 1.467732 1.741556 1.596085 1.569828 1.324653 1.533189 1.547891 1.568632 1.486922 1.613623 1.360482 1.821858 1.306544 1.783409 1.521802 1.427123 1.704516 1.748799 1.562672 1.449206 1.672649 1.699256 1.633891 1.639274 1.624170 1.715929 1.723385 1.617057 1.700351 1.627532 1.846399 1.712836 1.662744 1.712836 1.671892 1.560703 1.610242 1.646338 1.680189 1.629243 1.687541
Agrobacterium_tumefaciens_str._C58_                           0.576983 0.000000 0.650320 0.580573 0.586201 0.711343 0.212458 0.678590 0.277716 0.589990 0.621039 0.535422 0.319486 0.744242 0.638567 0.569355 0.698132 0.672772 0.606183 0.737058 0.539227 0.650488 0.628748 0.565392 0.697702 0.349989 0.535408 0.691948 0.539237 0.618616 0.599578 0.407449 0.285324 0.591934 0.552594 0.622654 0.612061 0.298768 0.606409 0.519588 0.645669 0.719816 0.617386 0.515567 0.651924 0.382486 0.679373 0.484502 0.049168 0.586957 0.618422 0.572739 0.667234 0.794144 0.722846 0.615836 0.680981 0.605090 0.586972 0.649582 0.588736 0.506355 0.536941 0.583672 0.489347 0.403335 1.519529 1.439177 1.718701 1.505912 1.457804 1.560679 1.336518 1.430963 1.549562 1.635198 1.556256 1.575589 1.576579 1.287919 1.494278 1.641083 1.440829 1.462542 1.283971 1.460954 1.486899 1.511099 1.509297 1.584167 1.395049 1.878755 1.488332 1.840570 1.605530 1.503058 1.694147 1.713199 1.583701 1.494276 1.770636 1.725983 1.681139 1.744990 1.641336 1.738808 1.679142 1.624771 1.687778 1.670495 1.777399 1.726410 1.638779 1.726410 1.741358 1.786689 1.675980 1.626959 1.710506 1.667773 1.689479
Anabaena_variabilis_ATCC_29413_                               0.677474 0.650320 0.000000 0.643864 0.439933 0.619839 0.591379 0.566188 0.641502 0.608346 0.656108 0.602437 0.679502 0.628097 0.502156 0.571539 0.250993 0.546137 0.649042 0.545555 0.516088 0.568651 0.443445 0.490452 0.355335 0.617786 0.518792 0.578819 0.615430 0.605028 0.526557 0.599507 0.523330 0.491423 0.638989 0.634393 0.649373 0.633366 0.501568 0.578474 0.682865 0.590169 0.469250 0.607597 0.695151 0.623390 0.632440 0.610651 0.641138 0.461126 0.508956 0.570818 0.490900 0.378834 0.321282 0.473388 0.265888 0.513014 0.479248 0.568774 0.660947 0.592800 0.675857 0.598781 0.584459 0.637177 1.513350 1.417329 1.663651 1.321093 1.299161 1.353073 1.268502 1.361024 1.393130 1.460937 1.581583 1.577185 1.446695 1.315312 1.388919 1.404533 1.396391 1.392771 1.301327 1.407848 1.414153 1.429657 1.423503 1.368818 1.330699 1.878490 1.394256 1.497390 1.450811 1.334119 1.482195 1.625670 1.476469 1.251574 1.630676 1.535871 1.598730 1.589765 1.544269 1.702974 1.700461 1.573429 1.678521 1.521155 1.823910 1.703479 1.582569 1.703479 1.657920 1.551442 1.603019 1.720678 1.670653 1.530138 1.659446
Azoarcus_sp._BH72_                                            0.374115 0.580573 0.643864 0.000000 0.472859 0.649796 0.566504 0.509114 0.657652 0.454827 0.176410 0.425080 0.690133 0.683384 0.576536 0.414634 0.618218 0.616515 0.163933 0.648573 0.525966 0.649859 0.497737 0.540145 0.700216 0.606967 0.382114 0.631772 0.354328 0.512165 0.469703 0.552393 0.518544 0.578522 0.506638 0.196560 0.261397 0.635912 0.490907 0.362432 0.263950 0.616100 0.452777 0.280818 0.229672 0.599560 0.586184 0.316449 0.573391 0.454801 0.521644 0.463792 0.578726 0.600698 0.641549 0.519049 0.637036 0.498407 0.513394 0.588984 0.556235 0.303834 0.632059 0.347748 0.363868 0.729093 1.537586 1.523902 1.791734 1.515632 1.217324 1.353341 1.205349 1.303538 1.333557 1.553491 1.645344 1.693423 1.411484 1.353207 1.474561 1.582115 1.564752 1.492351 1.336272 1.514579 1.523218 1.536566 1.527228 1.456235 1.370533 1.809457 1.313799 1.595411 1.607008 1.439167 1.554735 1.584185 1.490020 1.368145 1.617728 1.655058 1.638628 1.573922 1.527364 1.577160 1.674200 1.597159 1.559542 1.490199 1.803156 1.566898 1.575109 1.566898 1.618758 1.502282 1.620563 1.712578 1.668157 1.540277 1.674447
Bacillus_anthracis_str._Ames_                                 0.583735 0.586201 0.439933 0.472859 0.000000 0.527927 0.559387 0.515145 0.635528 0.488519 0.489664 0.523205 0.610785 0.644113 0.456977 0.562232 0.453747 0.578189 0.469403 0.462405 0.458400 0.449936 0.130251 0.446141 0.534989 0.604625 0.512478 0.515996 0.510667 0.494157 0.155457 0.466557 0.549877 0.389710 0.515250 0.485323 0.543313 0.685925 0.224773 0.453331 0.541625 0.525766 0.469076 0.535299 0.538070 0.606076 0.597189 0.503206 0.568629 0.231827 0.290403 0.452913 0.357773 0.554345 0.481539 0.315209 0.488132 0.440967 0.443237 0.578373 0.570266 0.481461 0.582888 0.512507 0.468339 0.693458 1.570380 1.529412 1.801569 1.487335 1.348316 1.509884 1.269245 1.397227 1.438735 1.508811 1.620011 1.723471 1.429005 1.429188 1.404859 1.558386 1.469077 1.491313 1.381261 1.534527 1.494875 1.535446 1.434288 1.502603 1.335915 1.879458 1.409141 1.591415 1.545227 1.378728 1.506244 1.565398 1.407283 1.315469 1.591192 1.718146 1.575849 1.625926 1.530589 1.557756 1.773073 1.482932 1.542699 1.526980 1.718231 1.587377 1.591484 1.587377 1.651103 1.544240 1.650090 1.732485 1.656447 1.568177 1.725630
Bacteroides_thetaiotaomicron_VPI-5482_                        0.633441 0.711343 0.619839 0.649796 0.527927 0.000000 0.727951 0.622489 0.688719 0.593547 0.619628 0.659212 0.738906 0.723854 0.546684 0.610142 0.632401 0.382877 0.647868 0.701739 0.590032 0.667941 0.556891 0.530253 0.685463 0.685092 0.643093 0.699947 0.620240 0.655417 0.551499 0.617662 0.681265 0.713874 0.698281 0.618778 0.588238 0.778312 0.523954 0.643472 0.644155 0.173693 0.564459 0.585967 0.701198 0.738637 0.619992 0.663474 0.712027 0.543872 0.554533 0.617601 0.674053 0.700385 0.617189 0.621965 0.748736 0.591426 0.534009 0.763636 0.640172 0.572190 0.690595 0.655522 0.635631 0.774329 1.614889 1.532045 1.924945 1.522327 1.415735 1.454860 1.312786 1.393635 1.505601 1.553746 1.641163 1.860271 1.471166 1.374387 1.467362 1.739667 1.464833 1.584141 1.349510 1.548801 1.525766 1.564285 1.521012 1.602968 1.427253 1.844362 1.478873 1.720562 1.671128 1.378692 1.741409 1.805470 1.677380 1.377998 1.634740 1.693218 1.712262 1.696588 1.611624 1.628013 1.625892 1.599119 1.615103 1.656557 1.874119 1.620304 1.582361 1.620304 1.701074 1.647388 1.642326 1.694127 1.653120 1.582322 1.663849
Bartonella_henselae_str._Houston-1_                           0.593842 0.212458 0.591379 0.566504 0.559387 0.727951 0.000000 0.614085 0.275701 0.540037 0.590290 0.526106 0.319644 0.765246 0.573369 0.592800 0.647801 0.644964 0.580689 0.722254 0.523049 0.637115 0.628453 0.498993 0.664489 0.323233 0.529196 0.635783 0.556943 0.593288 0.611838 0.382793 0.300117 0.636388 0.538568 0.593949 0.585995 0.283885 0.577588 0.507627 0.635059 0.664465 0.575971 0.501964 0.619221 0.323377 0.704342 0.498613 0.180173 0.578607 0.638742 0.527146 0.604687 0.740660 0.702819 0.570670 0.637221 0.528107 0.546011 0.657517 0.555918 0.479928 0.554490 0.575793 0.500592 0.333772 1.445298 1.441706 1.655936 1.461338 1.394318 1.452160 1.309991 1.390431 1.439791 1.505920 1.575766 1.577577 1.512327 1.315935 1.459992 1.586842 1.396825 1.409611 1.246413 1.443611 1.446821 1.470802 1.512990 1.559482 1.339456 1.807052 1.393190 1.740416 1.471686 1.460767 1.580641 1.542187 1.416869 1.425964 1.649152 1.730305 1.623959 1.705617 1.576207 1.648832 1.579274 1.545680 1.628807 1.642749 1.768647 1.639908 1.583678 1.639908 1.723196 1.688774 1.589149 1.533793 1.598091 1.619662 1.649480
Bifidobacterium_longum_subsp._infantis_ATCC_15697_            0.592970 0.678590 0.566188 0.509114 0.515145 0.622489 0.614085 0.000000 0.692806 0.619601 0.553960 0.663841 0.623495 0.629859 0.443055 0.580017 0.598846 0.609863 0.543305 0.635224 0.527305 0.591034 0.536967 0.498955 0.639971 0.648690 0.597423 0.592182 0.618776 0.286379 0.557289 0.561991 0.568580 0.605015 0.317441 0.497817 0.577410 0.712696 0.511685 0.560494 0.611269 0.608778 0.328121 0.493809 0.582316 0.643967 0.547402 0.467477 0.691329 0.519836 0.608024 0.289574 0.545077 0.673412 0.651905 0.463724 0.635518 0.487627 0.496707 0.644485 0.411579 0.499774 0.652499 0.535994 0.547304 0.714096 1.542941 1.438319 1.598154 1.350067 1.251035 1.388693 1.219405 1.321783 1.319089 1.544349 1.557693 1.674417 1.325037 1.295375 1.384604 1.575932 1.412516 1.290444 1.311831 1.376791 1.396017 1.377748 1.327503 1.393940 1.246772 1.786085 1.302856 1.582637 1.432764 1.405295 1.494749 1.639897 1.518070 1.325168 1.649801 1.588699 1.720258 1.695840 1.577593 1.663748 1.684537 1.640041 1.662743 1.604192 1.838231 1.684419 1.737383 1.684419 1.739537 1.525255 1.645006 1.785576 1.559886 1.708346 1.678949
Bradyrhizobium_japonicum_USDA_110_                            0.561005 0.277716 0.641502 0.657652 0.635528 0.688719 0.275701 0.692806 0.000000 0.597714 0.614383 0.546242 0.371627 0.808145 0.627560 0.597198 0.728228 0.679231 0.597720 0.748583 0.535079 0.686302 0.652086 0.496501 0.705451 0.310143 0.566914 0.715817 0.606799 0.677336 0.663274 0.465948 0.309902 0.666693 0.646288 0.673356 0.553223 0.313646 0.654688 0.564069 0.655340 0.637855 0.608320 0.541780 0.693816 0.383459 0.696912 0.541134 0.258625 0.655990 0.684430 0.662007 0.641778 0.767347 0.741851 0.603865 0.762378 0.629225 0.572404 0.637316 0.665382 0.531990 0.563156 0.632269 0.550380 0.356938 1.552792 1.414549 1.692066 1.428804 1.422422 1.519851 1.367252 1.404369 1.485859 1.555512 1.612323 1.580401 1.505894 1.313356 1.440851 1.626110 1.425322 1.516689 1.385308 1.482521 1.485010 1.493493 1.504894 1.637965 1.367382 1.720364 1.507477 1.737869 1.495136 1.424912 1.683532 1.548738 1.430781 1.351212 1.612058 1.700411 1.609096 1.714972 1.701898 1.694534 1.605293 1.565435 1.670635 1.658836 1.827338 1.674350 1.670610 1.674350 1.765469 1.682370 1.583514 1.543821 1.689500 1.652895 1.647335
Buchnera_aphidicola_str._Bp_.Baizongia_pistaciae._            0.429958 0.589990 0.608346 0.454827 0.488519 0.593547 0.540037 0.619601 0.597714 0.000000 0.453759 0.313918 0.623417 0.697586 0.492438 0.461904 0.610685 0.629084 0.431335 0.748054 0.573664 0.655199 0.497587 0.542250 0.738875 0.639180 0.267596 0.638763 0.428271 0.583728 0.493752 0.575297 0.544148 0.524690 0.612255 0.485281 0.440195 0.623005 0.488761 0.255288 0.524672 0.602524 0.554183 0.379161 0.474744 0.603297 0.681856 0.360485 0.595977 0.490002 0.546845 0.637040 0.627797 0.730455 0.648667 0.580681 0.653434 0.543916 0.559530 0.635247 0.601928 0.342259 0.606245 0.442819 0.267180 0.668454 1.626223 1.456222 1.637086 1.464582 1.310823 1.388397 1.284174 1.300584 1.370940 1.529340 1.588045 1.660579 1.547103 1.247427 1.381872 1.609189 1.498084 1.463286 1.236557 1.398811 1.377477 1.442032 1.422817 1.508526 1.321940 1.870983 1.365972 1.688749 1.528000 1.364660 1.578820 1.672727 1.509792 1.357439 1.624952 1.542584 1.619132 1.658628 1.540232 1.627018 1.658628 1.656450 1.589520 1.537873 1.604473 1.634355 1.595815 1.634355 1.626455 1.581213 1.576359 1.670026 1.613688 1.583683 1.639953
Burkholderia_cenocepacia_AU_1054_                             0.353768 0.621039 0.656108 0.176410 0.489664 0.619628 0.590290 0.553960 0.614383 0.453759 0.000000 0.434276 0.688846 0.746899 0.546180 0.374432 0.677455 0.609504 0.197257 0.651714 0.555429 0.641398 0.495662 0.515887 0.705250 0.627851 0.369392 0.606170 0.355271 0.522002 0.493712 0.598027 0.573478 0.577771 0.509528 0.223981 0.275616 0.655767 0.505374 0.352532 0.227579 0.600290 0.439772 0.283833 0.152158 0.614477 0.563843 0.341880 0.621185 0.494291 0.523990 0.522168 0.569549 0.664183 0.658880 0.527413 0.647834 0.533707 0.548276 0.632490 0.534680 0.280321 0.676464 0.343301 0.334690 0.724628 1.516172 1.478439 1.698588 1.502886 1.230316 1.353283 1.200346 1.309197 1.333718 1.458204 1.561282 1.626056 1.380246 1.284744 1.436045 1.526896 1.543879 1.455382 1.285765 1.455568 1.384768 1.464967 1.480427 1.432101 1.312026 1.751612 1.244234 1.619403 1.552922 1.372448 1.406083 1.509463 1.399842 1.330735 1.499732 1.616478 1.579679 1.527914 1.520186 1.572496 1.629524 1.565633 1.571434 1.480442 1.747545 1.560984 1.549941 1.560984 1.576236 1.431346 1.589738 1.651985 1.646491 1.526720 1.654701
Candidatus_Blochmannia_floridanus_                            0.424704 0.535422 0.602437 0.425080 0.523205 0.659212 0.526106 0.663841 0.546242 0.313918 0.434276 0.000000 0.683185 0.738781 0.523846 0.500728 0.629910 0.620113 0.446630 0.714300 0.640040 0.651039 0.531513 0.558202 0.772466 0.596113 0.268843 0.665270 0.405740 0.575047 0.556467 0.577765 0.493015 0.546033 0.649063 0.510487 0.455482 0.616272 0.539564 0.259268 0.485368 0.677951 0.578135 0.379470 0.497051 0.587881 0.659556 0.370286 0.553206 0.551310 0.576042 0.649521 0.635639 0.700375 0.657738 0.591841 0.683840 0.570023 0.594765 0.602675 0.554533 0.350348 0.565209 0.441133 0.259446 0.680823 1.604678 1.510782 1.696349 1.511069 1.305827 1.366342 1.259561 1.320739 1.360015 1.515605 1.622830 1.681835 1.435061 1.307401 1.437049 1.638544 1.547178 1.495044 1.275553 1.453186 1.475680 1.499820 1.413178 1.603051 1.321338 1.838269 1.314578 1.716512 1.562902 1.392786 1.547540 1.632852 1.463716 1.409024 1.566230 1.580034 1.614957 1.584829 1.557307 1.639248 1.542748 1.546139 1.608578 1.545662 1.701023 1.624943 1.470823 1.624943 1.615028 1.487521 1.509831 1.574966 1.527693 1.423783 1.586583
Caulobacter_crescentus_CB15_                                  0.618222 0.319486 0.679502 0.690133 0.610785 0.738906 0.319644 0.623495 0.371627 0.623417 0.688846 0.683185 0.000000 0.734754 0.634577 0.587434 0.692968 0.674629 0.687196 0.730668 0.603596 0.653214 0.645739 0.527765 0.717287 0.301476 0.604806 0.670966 0.635126 0.662910 0.640703 0.422450 0.343502 0.686351 0.633354 0.650775 0.672251 0.361882 0.616937 0.548275 0.708341 0.707322 0.658912 0.557658 0.727570 0.310975 0.720607 0.548940 0.305140 0.626765 0.638447 0.651917 0.634786 0.816191 0.721065 0.560547 0.795177 0.609241 0.598094 0.674126 0.625156 0.534470 0.600239 0.613192 0.538873 0.399545 1.500385 1.361828 1.719195 1.407759 1.379775 1.535068 1.308601 1.373052 1.463689 1.514113 1.527666 1.532031 1.426713 1.286146 1.392499 1.459274 1.412079 1.374574 1.275536 1.440186 1.451269 1.478828 1.418510 1.519399 1.245635 1.917699 1.422147 1.864086 1.550420 1.499259 1.515619 1.527576 1.450336 1.466565 1.524416 1.742639 1.603415 1.620930 1.499037 1.580466 1.580265 1.517311 1.547820 1.522417 1.773017 1.572890 1.621110 1.572890 1.629715 1.641802 1.581052 1.558730 1.641426 1.659453 1.584024
Chlamydophila_caviae_GPIC_                                    0.635291 0.744242 0.628097 0.683384 0.644113 0.723854 0.765246 0.629859 0.808145 0.697586 0.746899 0.738781 0.734754 0.000000 0.650810 0.619707 0.621329 0.735468 0.678229 0.788643 0.666584 0.639009 0.624518 0.663658 0.710384 0.730556 0.616741 0.692234 0.670828 0.671958 0.667388 0.707348 0.694159 0.727659 0.710017 0.691663 0.650755 0.826031 0.645984 0.619353 0.723175 0.721456 0.644609 0.588601 0.776131 0.729548 0.722597 0.654711 0.711412 0.630624 0.695760 0.627871 0.699452 0.685273 0.688575 0.603540 0.704476 0.665175 0.685828 0.701774 0.736775 0.656820 0.714400 0.646824 0.615430 0.878049 1.800456 1.494869 2.139960 1.413968 1.484299 1.569704 1.404670 1.501093 1.573050 1.833939 1.767094 1.625388 1.525158 1.439044 1.394710 1.487896 1.437013 1.517575 1.476655 1.487431 1.483186 1.493591 1.462011 1.403515 1.335932 1.877326 1.525960 1.689449 1.861789 1.561255 1.782812 1.830344 1.751252 1.601751 1.704248 1.704723 1.835022 1.842441 1.819837 1.827962 1.936771 1.772707 1.791034 1.818194 1.901952 1.809923 1.814603 1.809923 1.874644 1.836529 1.949175 1.995068 1.833735 1.847887 1.989463
Chlorobium_tepidum_TLS_                                       0.531977 0.638567 0.502156 0.576536 0.456977 0.546684 0.573369 0.443055 0.627560 0.492438 0.546180 0.523846 0.634577 0.650810 0.000000 0.607958 0.521700 0.500276 0.634032 0.566718 0.508398 0.548660 0.497076 0.393741 0.534762 0.640315 0.481902 0.456580 0.592144 0.488782 0.528793 0.468615 0.520316 0.566242 0.541936 0.575714 0.550821 0.671920 0.476932 0.482625 0.531896 0.565773 0.453549 0.503982 0.626548 0.576596 0.596005 0.496837 0.627240 0.488064 0.498612 0.463120 0.558484 0.605124 0.529697 0.428569 0.590665 0.446887 0.489359 0.572944 0.524605 0.511132 0.641365 0.504314 0.470510 0.703039 1.596970 1.435086 1.815285 1.443900 1.329950 1.413060 1.294504 1.357456 1.372786 1.532491 1.612820 1.686572 1.415016 1.290017 1.431630 1.654271 1.495519 1.379948 1.298073 1.413678 1.393597 1.427390 1.425590 1.485767 1.354444 1.825878 1.294188 1.704550 1.669275 1.449970 1.609711 1.663276 1.537648 1.449912 1.663705 1.703482 1.786535 1.721332 1.656901 1.778681 1.747382 1.683461 1.794290 1.712649 1.946430 1.787999 1.703872 1.787999 1.799922 1.719135 1.718556 1.842766 1.584097 1.654276 1.790684
Coxiella_burnetii_'MSU_Goat_Q177'_                            0.355432 0.569355 0.571539 0.414634 0.562232 0.610142 0.592800 0.580017 0.597198 0.461904 0.374432 0.500728 0.587434 0.619707 0.607958 0.000000 0.663886 0.568704 0.401640 0.739554 0.612659 0.654882 0.526398 0.574318 0.684606 0.619490 0.436744 0.716568 0.339038 0.571924 0.539926 0.610742 0.548364 0.633711 0.584598 0.408392 0.366349 0.667645 0.539756 0.440143 0.414707 0.609762 0.512093 0.338148 0.426679 0.652617 0.619187 0.396279 0.579045 0.512023 0.602013 0.566935 0.586932 0.649549 0.643783 0.575256 0.660932 0.568779 0.556123 0.692016 0.592265 0.360890 0.639123 0.383185 0.445068 0.680664 1.582062 1.480469 1.676957 1.415728 1.290927 1.353508 1.246156 1.331074 1.353603 1.549782 1.462800 1.736901 1.451329 1.300903 1.430874 1.601440 1.489671 1.470338 1.316917 1.408354 1.343205 1.424462 1.466786 1.453870 1.302981 1.654837 1.331622 1.740085 1.509066 1.460503 1.535146 1.650363 1.566906 1.441169 1.656599 1.636760 1.662898 1.656128 1.615922 1.687536 1.716838 1.602715 1.696519 1.522512 1.830587 1.682240 1.607917 1.682240 1.691166 1.575619 1.663484 1.719247 1.705135 1.640535 1.771069
Crocosphaera_watsonii_WH_8501_                                0.692793 0.698132 0.250993 0.618218 0.453747 0.632401 0.647801 0.598846 0.728228 0.610685 0.677455 0.629910 0.692968 0.621329 0.521700 0.663886 0.000000 0.601908 0.658873 0.531784 0.486502 0.577711 0.494353 0.531430 0.384522 0.650642 0.562627 0.616695 0.689367 0.633142 0.541984 0.573968 0.563440 0.504710 0.652942 0.631036 0.644385 0.701500 0.520204 0.604372 0.714220 0.626624 0.478531 0.625489 0.709258 0.618220 0.589398 0.654423 0.679477 0.488176 0.538315 0.615460 0.514741 0.347695 0.200634 0.441321 0.307974 0.525426 0.472005 0.553034 0.681591 0.630326 0.701555 0.576351 0.621608 0.727082 1.543962 1.542483 1.757149 1.456206 1.373493 1.486685 1.340630 1.419902 1.506984 1.542257 1.614714 1.667877 1.508121 1.444516 1.458824 1.556558 1.572347 1.537962 1.426087 1.596891 1.522362 1.627822 1.554184 1.502589 1.456676 1.871271 1.480512 1.550860 1.542959 1.376659 1.588992 1.634418 1.579392 1.344029 1.688854 1.631812 1.677893 1.589195 1.552937 1.661615 1.658175 1.607386 1.657219 1.579701 1.866072 1.655707 1.581475 1.655707 1.649505 1.518003 1.575995 1.694027 1.682655 1.565897 1.656039
Cytophaga_hutchinsonii_ATCC_33406_                            0.572005 0.672772 0.546137 0.616515 0.578189 0.382877 0.644964 0.609863 0.679231 0.629084 0.609504 0.620113 0.674629 0.735468 0.500276 0.568704 0.601908 0.000000 0.619067 0.662661 0.609093 0.716484 0.618371 0.472963 0.657922 0.643885 0.560619 0.695991 0.505524 0.559589 0.588871 0.545620 0.597370 0.686762 0.664274 0.636825 0.601972 0.740132 0.592120 0.576141 0.640031 0.389461 0.499178 0.495717 0.684975 0.632793 0.554424 0.555549 0.665430 0.602719 0.665342 0.616441 0.640421 0.672622 0.594448 0.618749 0.668378 0.524362 0.524498 0.674672 0.636626 0.542801 0.647850 0.557930 0.572809 0.772538 1.521454 1.582505 1.723861 1.583952 1.393361 1.427691 1.377424 1.473960 1.495567 1.488041 1.603348 1.811664 1.500618 1.380762 1.421910 1.657890 1.562617 1.595578 1.352464 1.517395 1.502030 1.518967 1.468856 1.708987 1.430411 1.936759 1.475311 1.737515 1.568710 1.367550 1.725803 1.875509 1.723202 1.399128 1.617363 1.556402 1.630810 1.676943 1.561642 1.605724 1.629107 1.540162 1.588462 1.580189 1.929252 1.633636 1.532051 1.633636 1.719585 1.578763 1.634096 1.667843 1.619108 1.536517 1.663353
Dechloromonas_aromatica_RCB_                                  0.330382 0.606183 0.649042 0.163933 0.469403 0.647868 0.580689 0.543305 0.597720 0.431335 0.197257 0.446630 0.687196 0.678229 0.634032 0.401640 0.658873 0.619067 0.000000 0.667333 0.525975 0.641148 0.491793 0.530451 0.757906 0.612734 0.391717 0.682051 0.341738 0.526649 0.458311 0.560180 0.533730 0.560075 0.512409 0.259870 0.294240 0.660247 0.509127 0.351370 0.268698 0.607040 0.441115 0.323701 0.221664 0.594036 0.578051 0.313310 0.603452 0.481126 0.535690 0.478780 0.569454 0.640126 0.668920 0.543335 0.675113 0.549452 0.531961 0.624169 0.589357 0.303160 0.676564 0.342109 0.360636 0.740046 1.528076 1.555671 1.697963 1.570847 1.330944 1.419045 1.289081 1.380685 1.410343 1.486506 1.559284 1.748640 1.498626 1.419625 1.530089 1.649532 1.544822 1.554429 1.354331 1.506377 1.485359 1.533194 1.590670 1.546081 1.398629 1.854765 1.387353 1.697696 1.574800 1.482574 1.455366 1.583923 1.521523 1.414504 1.535700 1.689962 1.622447 1.617693 1.588789 1.610332 1.710224 1.619790 1.616057 1.531228 1.800066 1.606648 1.640974 1.606648 1.644566 1.503912 1.660143 1.728785 1.696345 1.622552 1.726872
Dehalococcoides_ethenogenes_195_                              0.760975 0.737058 0.545555 0.648573 0.462405 0.701739 0.722254 0.635224 0.748583 0.748054 0.651714 0.714300 0.730668 0.788643 0.566718 0.739554 0.531784 0.662661 0.667333 0.000000 0.589765 0.566147 0.504268 0.487218 0.584425 0.706794 0.637843 0.645113 0.681505 0.623970 0.521515 0.612297 0.658919 0.576003 0.673515 0.657422 0.694370 0.762906 0.476903 0.661033 0.733436 0.739244 0.607927 0.733522 0.724388 0.628329 0.688567 0.659403 0.740027 0.542518 0.555819 0.629059 0.507605 0.595852 0.492098 0.426336 0.586872 0.586999 0.649378 0.706391 0.714843 0.658800 0.781700 0.627284 0.668812 0.817971 1.656513 1.567976 1.757569 1.512064 1.463452 1.588574 1.453418 1.486429 1.496468 1.585500 1.587688 1.793185 1.436870 1.510582 1.431575 1.718788 1.568161 1.530808 1.473952 1.595712 1.627798 1.613367 1.539917 1.529201 1.356992 1.861076 1.512492 1.690206 1.588530 1.591865 1.616721 1.659079 1.584838 1.534440 1.679099 1.821669 1.771776 1.657027 1.680016 1.741860 1.740415 1.648223 1.741808 1.675853 1.977565 1.737305 1.745314 1.737305 1.735702 1.650250 1.712536 1.818972 1.744007 1.702246 1.787655
Deinococcus_radiodurans_R1_                                   0.600902 0.539227 0.516088 0.525966 0.458400 0.590032 0.523049 0.527305 0.535079 0.573664 0.555429 0.640040 0.603596 0.666584 0.508398 0.612659 0.486502 0.609093 0.525975 0.589765 0.000000 0.528206 0.487437 0.445222 0.519260 0.556298 0.549737 0.567882 0.594910 0.501819 0.512360 0.519037 0.477286 0.569424 0.494632 0.612155 0.579538 0.604760 0.542955 0.530831 0.616599 0.583720 0.446477 0.570858 0.634323 0.581855 0.558325 0.530110 0.521641 0.497196 0.555405 0.519435 0.519400 0.514707 0.487350 0.492439 0.506062 0.435923 0.262722 0.593986 0.502618 0.540034 0.663519 0.573506 0.538387 0.621828 1.576893 1.521142 1.835996 1.481604 1.377985 1.497938 1.324881 1.383563 1.424518 1.540017 1.637187 1.707041 1.484337 1.368835 1.481374 1.636305 1.471008 1.538905 1.405514 1.587154 1.543381 1.607197 1.594067 1.478383 1.390661 1.790492 1.412972 1.750383 1.551785 1.414986 1.717456 1.755807 1.560540 1.359488 1.707145 1.887233 1.727760 1.767725 1.750652 1.751370 1.854029 1.723074 1.731598 1.766254 1.810693 1.741795 1.760894 1.741795 1.815572 1.736353 1.705582 1.783725 1.782064 1.738565 1.790186
Fusobacterium_nucleatum_subsp._nucleatum_ATCC_25586_          0.661086 0.650488 0.568651 0.649859 0.449936 0.667941 0.637115 0.591034 0.686302 0.655199 0.641398 0.651039 0.653214 0.639009 0.548660 0.654882 0.577711 0.716484 0.641148 0.566147 0.528206 0.000000 0.447185 0.486816 0.609053 0.606825 0.598785 0.610695 0.704066 0.581758 0.454194 0.520079 0.542765 0.614714 0.597281 0.644762 0.635225 0.697211 0.540569 0.623960 0.621428 0.661797 0.602385 0.673130 0.669346 0.604154 0.783381 0.683708 0.651871 0.538008 0.536149 0.541815 0.592102 0.662925 0.574922 0.491283 0.634367 0.537570 0.564929 0.622100 0.616883 0.612197 0.767052 0.581623 0.615805 0.719210 1.659142 1.400262 1.906197 1.498405 1.392062 1.466712 1.325617 1.342059 1.400720 1.597732 1.604522 1.764081 1.372168 1.325276 1.371671 1.622060 1.455543 1.429336 1.384053 1.459288 1.497669 1.484139 1.483788 1.478471 1.325157 2.062615 1.395891 1.782664 1.794069 1.598098 1.566545 1.879636 1.664481 1.511036 1.745808 1.714058 1.667942 1.724155 1.654320 1.680217 1.783819 1.573439 1.708980 1.670810 1.942476 1.682589 1.829857 1.682589 1.761551 1.572819 1.720762 1.798898 1.756094 1.820218 1.799896
Geobacillus_kaustophilus_HTA426_                              0.558471 0.628748 0.443445 0.497737 0.130251 0.556891 0.628453 0.536967 0.652086 0.497587 0.495662 0.531513 0.645739 0.624518 0.497076 0.526398 0.494353 0.618371 0.491793 0.504268 0.487437 0.447185 0.000000 0.451610 0.525342 0.614233 0.525853 0.503289 0.510123 0.517021 0.169788 0.521956 0.527225 0.386423 0.539191 0.506531 0.552189 0.722010 0.229863 0.473481 0.538105 0.567149 0.473848 0.546234 0.521354 0.622916 0.664948 0.511395 0.605844 0.244251 0.236992 0.482129 0.381896 0.555941 0.532044 0.301884 0.484036 0.415949 0.433040 0.563851 0.552445 0.475368 0.625574 0.489472 0.481704 0.716390 1.612933 1.613645 1.914638 1.553043 1.399617 1.574156 1.312099 1.489879 1.483891 1.527312 1.653323 1.776414 1.469252 1.440617 1.453368 1.693112 1.538752 1.511342 1.433320 1.597621 1.556522 1.598750 1.541184 1.543149 1.420903 1.902829 1.466557 1.639122 1.592631 1.367280 1.553950 1.689738 1.563827 1.323149 1.735098 1.752464 1.659697 1.732212 1.663383 1.625961 1.847824 1.582652 1.605990 1.562913 1.867140 1.655454 1.695345 1.655454 1.753661 1.526371 1.692425 1.822350 1.721971 1.680739 1.821437
Geobacter_sulfurreducens_PCA_                                 0.572823 0.565392 0.490452 0.540145 0.446141 0.530253 0.498993 0.498955 0.496501 0.542250 0.515887 0.558202 0.527765 0.663658 0.393741 0.574318 0.531430 0.472963 0.530451 0.487218 0.445222 0.486816 0.451610 0.000000 0.562676 0.489110 0.511859 0.519897 0.560941 0.494643 0.475167 0.357862 0.412309 0.516169 0.535377 0.544277 0.490582 0.599513 0.445059 0.517942 0.546613 0.524037 0.451907 0.537714 0.601001 0.511796 0.579151 0.531698 0.535339 0.494024 0.531120 0.484598 0.437137 0.559488 0.544359 0.410775 0.502871 0.426633 0.462652 0.561520 0.425212 0.505495 0.583746 0.510735 0.534518 0.542511 1.648733 1.484741 1.774904 1.521654 1.379197 1.463115 1.302898 1.327920 1.396166 1.599236 1.625431 1.798379 1.373236 1.394738 1.425578 1.656590 1.470328 1.388008 1.322038 1.569683 1.527962 1.587898 1.505206 1.605646 1.349538 1.776649 1.413345 1.802109 1.585296 1.563178 1.572206 1.673656 1.531323 1.483929 1.735734 1.661685 1.601670 1.623206 1.590023 1.675284 1.679757 1.529639 1.653902 1.663974 1.820283 1.686069 1.645775 1.686069 1.672799 1.647348 1.681129 1.766518 1.636988 1.597633 1.775349
Gloeobacter_violaceus_PCC_7421_                               0.734885 0.697702 0.355335 0.700216 0.534989 0.685463 0.664489 0.639971 0.705451 0.738875 0.705250 0.772466 0.717287 0.710384 0.534762 0.684606 0.384522 0.657922 0.757906 0.584425 0.519260 0.609053 0.525342 0.562676 0.000000 0.669479 0.646214 0.655274 0.754888 0.680247 0.613832 0.672698 0.652208 0.614875 0.695318 0.748132 0.734635 0.766084 0.565173 0.646536 0.770777 0.670404 0.638584 0.703377 0.745003 0.716330 0.649200 0.708522 0.689007 0.598865 0.636339 0.630818 0.505443 0.467280 0.417541 0.509260 0.412315 0.516023 0.471507 0.689419 0.704928 0.687282 0.807821 0.694646 0.649437 0.747994 1.706214 1.623640 2.016716 1.539840 1.444123 1.534891 1.436283 1.523332 1.523246 1.714682 1.793525 1.694914 1.522902 1.541499 1.514367 1.689427 1.651191 1.552061 1.538571 1.714920 1.673378 1.727635 1.597849 1.575280 1.531958 1.993686 1.495990 1.676505 1.822539 1.505853 1.805859 1.803267 1.670496 1.434740 1.781804 1.750767 1.927599 1.912010 1.768878 1.915024 1.964416 1.821365 1.938586 1.848376 2.081723 1.952170 1.846852 1.952170 2.001811 1.807546 1.806385 2.013965 1.872878 1.826233 1.882551
Gluconobacter_oxydans_621H_                                   0.587607 0.349989 0.617786 0.606967 0.604625 0.685092 0.323233 0.648690 0.310143 0.639180 0.627851 0.596113 0.301476 0.730556 0.640315 0.619490 0.650642 0.643885 0.612734 0.706794 0.556298 0.606825 0.614233 0.489110 0.669479 0.000000 0.577124 0.659800 0.622455 0.643918 0.681971 0.380603 0.281197 0.686132 0.634798 0.603374 0.601796 0.307314 0.655144 0.553633 0.647161 0.632512 0.624119 0.531473 0.682920 0.335389 0.673322 0.528393 0.328327 0.674045 0.639147 0.656939 0.627766 0.705212 0.694735 0.613098 0.700558 0.563811 0.584880 0.670024 0.623508 0.511527 0.572390 0.601615 0.552666 0.395845 1.545101 1.503790 1.642109 1.481558 1.385255 1.515208 1.336107 1.410710 1.443325 1.554957 1.599677 1.584394 1.404450 1.338139 1.392789 1.470120 1.392840 1.361602 1.319435 1.460777 1.476628 1.488595 1.440820 1.578606 1.317369 1.820919 1.422261 1.833790 1.599630 1.483547 1.583558 1.569107 1.458157 1.425452 1.584390 1.751231 1.534295 1.710497 1.604665 1.568843 1.632759 1.514671 1.547895 1.589307 1.756904 1.574016 1.667487 1.574016 1.720500 1.628560 1.557834 1.516775 1.664650 1.669137 1.622997
Haemophilus_influenzae_Rd_KW20_                               0.372168 0.535408 0.518792 0.382114 0.512478 0.643093 0.529196 0.597423 0.566914 0.267596 0.369392 0.268843 0.604806 0.616741 0.481902 0.436744 0.562627 0.560619 0.391717 0.637843 0.549737 0.598785 0.525853 0.511859 0.646214 0.577124 0.000000 0.650228 0.371302 0.590009 0.550176 0.518711 0.491272 0.461616 0.606018 0.424483 0.428876 0.550739 0.480947 0.126973 0.448056 0.645918 0.520602 0.233949 0.401695 0.548576 0.646073 0.250648 0.549982 0.485849 0.543536 0.612208 0.563663 0.652385 0.605030 0.554133 0.607181 0.509613 0.520080 0.574972 0.592911 0.220810 0.536882 0.310321 0.126552 0.593299 1.564371 1.567009 1.695053 1.520332 1.269077 1.356756 1.258719 1.326106 1.382395 1.550025 1.642228 1.617602 1.537439 1.322284 1.450104 1.666927 1.484542 1.476435 1.347433 1.484604 1.478763 1.533757 1.456208 1.614462 1.379561 1.818047 1.297068 1.672125 1.468289 1.400969 1.578074 1.643250 1.550496 1.416273 1.568625 1.625248 1.638150 1.623678 1.543313 1.680613 1.666431 1.633889 1.692158 1.544000 1.775191 1.697000 1.567268 1.697000 1.682376 1.545886 1.548709 1.696681 1.672039 1.541447 1.638747
Helicobacter_hepaticus_ATCC_51449_                            0.684631 0.691948 0.578819 0.631772 0.515996 0.699947 0.635783 0.592182 0.715817 0.638763 0.606170 0.665270 0.670966 0.692234 0.456580 0.716568 0.616695 0.695991 0.682051 0.645113 0.567882 0.610695 0.503289 0.519897 0.655274 0.659800 0.650228 0.000000 0.680272 0.615230 0.526431 0.494605 0.621084 0.583091 0.638735 0.634615 0.651280 0.702678 0.585761 0.630186 0.682312 0.696226 0.564944 0.635469 0.697390 0.598844 0.767528 0.669531 0.668933 0.574932 0.552251 0.640091 0.543148 0.684161 0.636265 0.484816 0.646892 0.590918 0.540771 0.741455 0.574046 0.629104 0.627619 0.663986 0.639696 0.728760 1.600599 1.419053 1.856695 1.479951 1.471444 1.545270 1.372222 1.426659 1.523903 1.595773 1.775081 1.749028 1.467473 1.403319 1.440251 1.581183 1.470664 1.554347 1.477727 1.596356 1.564074 1.588231 1.614429 1.485074 1.471986 1.932571 1.436297 1.724978 1.649755 1.571704 1.625385 1.664977 1.553254 1.498897 1.671032 1.662302 1.694495 1.751877 1.635541 1.693486 1.766596 1.605229 1.660855 1.707049 1.820437 1.680989 1.705151 1.680989 1.770032 1.607710 1.590095 1.751627 1.634963 1.688211 1.695731
Legionella_pneumophila_subsp._pneumophila_str._Philadelphia_1 0.370894 0.539237 0.615430 0.354328 0.510667 0.620240 0.556943 0.618776 0.606799 0.428271 0.355271 0.405740 0.635126 0.670828 0.592144 0.339038 0.689367 0.505524 0.341738 0.681505 0.594910 0.704066 0.510123 0.560941 0.754888 0.622455 0.371302 0.680272 0.000000 0.532559 0.495648 0.566528 0.510017 0.598270 0.581562 0.365720 0.357533 0.650367 0.552998 0.341598 0.382591 0.623407 0.491720 0.324065 0.421958 0.624875 0.578148 0.321341 0.554866 0.514801 0.641668 0.552415 0.573280 0.709399 0.668235 0.543232 0.656258 0.545773 0.552590 0.706565 0.539244 0.311435 0.600504 0.344397 0.336471 0.725506 1.672721 1.541233 1.701802 1.536028 1.351625 1.421295 1.303028 1.405684 1.395504 1.602217 1.638121 1.718002 1.464253 1.441944 1.470431 1.759765 1.541563 1.499832 1.374548 1.476833 1.454517 1.526987 1.520629 1.602429 1.379136 1.639237 1.394305 1.691085 1.475568 1.426247 1.610554 1.782166 1.562004 1.430848 1.729172 1.751825 1.802812 1.764860 1.637263 1.724680 1.761877 1.756813 1.691492 1.675541 1.923016 1.705173 1.687470 1.705173 1.766564 1.561404 1.727367 1.743658 1.750088 1.664269 1.796479
Leifsonia_xyli_subsp._xyli_str._CTCB07_                       0.546150 0.618616 0.605028 0.512165 0.494157 0.655417 0.593288 0.286379 0.677336 0.583728 0.522002 0.575047 0.662910 0.671958 0.488782 0.571924 0.633142 0.559589 0.526649 0.623970 0.501819 0.581758 0.517021 0.494643 0.680247 0.643918 0.590009 0.615230 0.532559 0.000000 0.500695 0.517697 0.534394 0.545007 0.207035 0.467751 0.527670 0.740215 0.507801 0.522371 0.568733 0.651080 0.254818 0.462489 0.557676 0.545896 0.544768 0.478983 0.646858 0.445305 0.558720 0.228564 0.510557 0.652707 0.666113 0.493316 0.615956 0.538255 0.515327 0.667120 0.282827 0.513763 0.584433 0.509744 0.502132 0.747238 1.517125 1.418713 1.670337 1.378487 1.255079 1.400218 1.213998 1.315387 1.263386 1.561970 1.529160 1.606274 1.400922 1.319650 1.366167 1.576344 1.455679 1.271401 1.305202 1.387479 1.418634 1.393841 1.368995 1.414562 1.201259 1.765922 1.279914 1.723189 1.488164 1.461635 1.485372 1.674295 1.505274 1.452823 1.651918 1.636336 1.636983 1.672904 1.592096 1.663373 1.638218 1.625277 1.632762 1.635396 1.789268 1.649812 1.688891 1.649812 1.694881 1.571509 1.645653 1.757341 1.548400 1.681874 1.752226
Listeria_monocytogenes_EGD-e_                                 0.593088 0.599578 0.526557 0.469703 0.155457 0.551499 0.611838 0.557289 0.663274 0.493752 0.493712 0.556467 0.640703 0.667388 0.528793 0.539926 0.541984 0.588871 0.458311 0.521515 0.512360 0.454194 0.169788 0.475167 0.613832 0.681971 0.550176 0.526431 0.495648 0.500695 0.000000 0.527678 0.556694 0.401048 0.542855 0.475094 0.517167 0.722930 0.215443 0.501931 0.499281 0.546837 0.521054 0.557212 0.516178 0.649056 0.637419 0.526157 0.582734 0.168970 0.268984 0.522226 0.436588 0.594764 0.545735 0.337554 0.550021 0.508896 0.490178 0.604233 0.573859 0.497683 0.673383 0.549590 0.498096 0.717455 1.596634 1.528311 1.836518 1.509946 1.452866 1.556206 1.357323 1.428640 1.501308 1.550906 1.647431 1.743086 1.495500 1.431699 1.432313 1.666672 1.492565 1.545804 1.469487 1.581529 1.552525 1.582601 1.569983 1.544953 1.421092 1.829737 1.519813 1.669815 1.516964 1.409889 1.541951 1.552436 1.431788 1.365090 1.581841 1.757154 1.614928 1.636988 1.536900 1.589540 1.828929 1.560974 1.626975 1.609175 1.747914 1.609399 1.658868 1.609399 1.668943 1.532029 1.646595 1.752765 1.657346 1.660908 1.692272
Magnetococcus_sp._MC-1_                                       0.569316 0.407449 0.599507 0.552393 0.466557 0.617662 0.382793 0.561991 0.465948 0.575297 0.598027 0.577765 0.422450 0.707348 0.468615 0.610742 0.573968 0.545620 0.560180 0.612297 0.519037 0.520079 0.521956 0.357862 0.672698 0.380603 0.518711 0.494605 0.566528 0.517697 0.527678 0.000000 0.318273 0.562644 0.465725 0.542075 0.564473 0.483606 0.523017 0.543147 0.546658 0.624936 0.475750 0.506418 0.626726 0.353878 0.676115 0.501904 0.390594 0.528907 0.571122 0.445154 0.508425 0.596409 0.598642 0.432597 0.627495 0.434760 0.512264 0.619295 0.496609 0.497833 0.499625 0.528547 0.548407 0.540931 1.617559 1.532890 1.823749 1.515312 1.418584 1.528661 1.358414 1.413827 1.503831 1.666068 1.648424 1.675068 1.497049 1.423301 1.494025 1.639259 1.424595 1.497096 1.426325 1.519797 1.526736 1.564321 1.574604 1.569785 1.395390 1.862705 1.397884 1.839809 1.684887 1.660322 1.658919 1.632434 1.543917 1.590792 1.798108 1.754307 1.553509 1.684803 1.589944 1.569113 1.631672 1.451823 1.554430 1.617535 1.727287 1.565149 1.634286 1.565149 1.730930 1.673381 1.620663 1.606292 1.703426 1.675719 1.683643
Magnetospirillum_magneticum_AMB-1_                            0.549797 0.285324 0.523330 0.518544 0.549877 0.681265 0.300117 0.568580 0.309902 0.544148 0.573478 0.493015 0.343502 0.694159 0.520316 0.548364 0.563440 0.597370 0.533730 0.658919 0.477286 0.542765 0.527225 0.412309 0.652208 0.281197 0.491272 0.621084 0.510017 0.534394 0.556694 0.318273 0.000000 0.522378 0.546223 0.582219 0.550557 0.341426 0.570006 0.479590 0.575396 0.667725 0.515229 0.463845 0.628012 0.297510 0.640002 0.465734 0.256619 0.516795 0.560752 0.560474 0.539446 0.668172 0.612046 0.516608 0.595718 0.496568 0.498868 0.563379 0.528630 0.467063 0.530045 0.519345 0.481860 0.429597 1.561430 1.474087 1.663033 1.535572 1.348203 1.516825 1.311643 1.370235 1.468376 1.631680 1.588906 1.525075 1.483807 1.334366 1.491125 1.600374 1.424794 1.409583 1.302448 1.531145 1.571628 1.563246 1.479860 1.516210 1.332450 1.791892 1.398538 1.744947 1.561770 1.449127 1.622649 1.624075 1.504739 1.384162 1.570723 1.654182 1.559411 1.597946 1.594565 1.631982 1.547168 1.502688 1.612928 1.501782 1.699955 1.621510 1.535706 1.621510 1.630479 1.627623 1.480452 1.543567 1.489279 1.510264 1.546065
Mesoplasma_florum_L1_                                         0.569869 0.591934 0.491423 0.578522 0.389710 0.713874 0.636388 0.605015 0.666693 0.524690 0.577771 0.546033 0.686351 0.727659 0.566242 0.633711 0.504710 0.686762 0.560075 0.576003 0.569424 0.614714 0.386423 0.516169 0.614875 0.686132 0.461616 0.583091 0.598270 0.545007 0.401048 0.562644 0.522378 0.000000 0.573667 0.531197 0.613558 0.652286 0.407212 0.505688 0.662908 0.714835 0.496506 0.568720 0.619436 0.614804 0.696920 0.511358 0.577510 0.421192 0.422890 0.601489 0.573656 0.593852 0.550879 0.520523 0.513414 0.605780 0.596460 0.627068 0.650317 0.579163 0.678099 0.588370 0.509706 0.687743 1.704508 1.619080 1.910008 1.621446 1.507568 1.616942 1.382013 1.470383 1.578097 1.699405 1.714351 1.641978 1.566062 1.500402 1.521375 1.810361 1.654818 1.549831 1.487965 1.636612 1.659722 1.659873 1.668120 1.676901 1.540886 1.938509 1.522354 1.747203 1.647467 1.654453 1.657257 1.596951 1.461625 1.597926 1.707823 1.739224 1.697735 1.714379 1.625526 1.788889 1.772556 1.686478 1.760665 1.757176 1.804987 1.800336 1.670695 1.800336 1.753380 1.633541 1.668398 1.762492 1.637504 1.691676 1.774125
