% switch Method
%     case {'Lichtarge35','Manny'}
%         if isempty(Q)
%             Q=[0.168100000000000,0.0222000000000000,0.0467000000000000,0.0527000000000000,0.0317000000000000,0.0848000000000000,0.0201000000000000,0.0466000000000000,0.0585000000000000,0.0626000000000000,0.0221000000000000,0.0402000000000000,0.0359000000000000,0.0340000000000000,0.0451000000000000,0.0719000000000000,0.0514000000000000,0.0633000000000000,0.0106000000000000,0.0313000000000000;0.0222000000000000,0.376900000000000,0.0178000000000000,0.0529000000000000,0.0261000000000000,0.0444000000000000,0.0333000000000000,0.0293000000000000,0.0458000000000000,0.0594000000000000,0.0180000000000000,0.0282000000000000,0.0250000000000000,0.0195000000000000,0.0208000000000000,0.0377000000000000,0.0453000000000000,0.0409000000000000,0.0299000000000000,0.0267000000000000;0.0467000000000000,0.0178000000000000,0.228900000000000,0.0813000000000000,0.0253000000000000,0.0576000000000000,0.0254000000000000,0.0324000000000000,0.0564000000000000,0.0593000000000000,0.0130000000000000,0.0704000000000000,0.0398000000000000,0.0326000000000000,0.0455000000000000,0.0527000000000000,0.0401000000000000,0.0430000000000000,0.00790000000000000,0.0240000000000000;0.0527000000000000,0.0529000000000000,0.0813000000000000,0.169600000000000,0.0260000000000000,0.0476000000000000,0.0232000000000000,0.0303000000000000,0.0738000000000000,0.00690000000000000,0.0151000000000000,0.0516000000000000,0.0461000000000000,0.0940000000000000,0.0521000000000000,0.0542000000000000,0.0450000000000000,0.0396000000000000,0.0109000000000000,0.0274000000000000;0.0317000000000000,0.0261000000000000,0.0253000000000000,0.0260000000000000,0.190300000000000,0.0250000000000000,0.0454000000000000,0.0500000000000000,0.0361000000000000,0.0586000000000000,0.0596000000000000,0.0368000000000000,0.0251000000000000,0.0325000000000000,0.0375000000000000,0.0481000000000000,0.0417000000000000,0.0678000000000000,0.0463000000000000,0.0901000000000000;0.0848000000000000,0.0444000000000000,0.0576000000000000,0.0476000000000000,0.0250000000000000,0.284200000000000,0.0201000000000000,0.0263000000000000,0.0351000000000000,0.00110000000000000,0.0178000000000000,0.0931000000000000,0.0372000000000000,0.0600000000000000,0.0536000000000000,0.0385000000000000,0.0348000000000000,0.00150000000000000,0.0101000000000000,0.0273000000000000;0.0201000000000000,0.0333000000000000,0.0254000000000000,0.0232000000000000,0.0454000000000000,0.0201000000000000,0.234400000000000,0.0352000000000000,0.0441000000000000,0.0640000000000000,0.0731000000000000,0.0392000000000000,0.0552000000000000,0.0257000000000000,0.0253000000000000,0.0554000000000000,0.0458000000000000,0.0333000000000000,0.0426000000000000,0.0592000000000000;0.0466000000000000,0.0293000000000000,0.0324000000000000,0.0303000000000000,0.0500000000000000,0.0263000000000000,0.0352000000000000,0.141600000000000,0.0441000000000000,0.120800000000000,0.0273000000000000,0.0493000000000000,0.0388000000000000,0.0369000000000000,0.0357000000000000,0.0462000000000000,0.0452000000000000,0.117300000000000,0.00890000000000000,0.0378000000000000;0.0585000000000000,0.0458000000000000,0.0564000000000000,0.0738000000000000,0.0361000000000000,0.0351000000000000,0.0441000000000000,0.0441000000000000,0.144300000000000,0.0195000000000000,0.0234000000000000,0.0636000000000000,0.0464000000000000,0.0650000000000000,0.0857000000000000,0.0573000000000000,0.0495000000000000,0.00950000000000000,0.0123000000000000,0.0300000000000000;0.0626000000000000,0.0594000000000000,0.0593000000000000,0.00690000000000000,0.0586000000000000,0.00110000000000000,0.0640000000000000,0.120800000000000,0.0195000000000000,0.202100000000000,0.0345000000000000,0.0565000000000000,0.0288000000000000,0.0622000000000000,0.0632000000000000,0.00370000000000000,0.0457000000000000,0.00120000000000000,0.0121000000000000,0.0379000000000000;0.0221000000000000,0.0180000000000000,0.0130000000000000,0.0151000000000000,0.0596000000000000,0.0178000000000000,0.0731000000000000,0.0273000000000000,0.0234000000000000,0.0345000000000000,0.0612000000000000,0.0275000000000000,0.0289000000000000,0.0310000000000000,0.0241000000000000,0.0490000000000000,0.0503000000000000,0.0714000000000000,0.305100000000000,0.0477000000000000;0.0402000000000000,0.0282000000000000,0.0704000000000000,0.0516000000000000,0.0368000000000000,0.0931000000000000,0.0392000000000000,0.0493000000000000,0.0636000000000000,0.0565000000000000,0.0275000000000000,0.140100000000000,0.0350000000000000,0.0469000000000000,0.0376000000000000,0.0587000000000000,0.0489000000000000,0.0411000000000000,0.00790000000000000,0.0274000000000000;0.0359000000000000,0.0250000000000000,0.0398000000000000,0.0461000000000000,0.0251000000000000,0.0372000000000000,0.0552000000000000,0.0388000000000000,0.0464000000000000,0.0288000000000000,0.0289000000000000,0.0350000000000000,0.293200000000000,0.0467000000000000,0.0374000000000000,0.0450000000000000,0.0509000000000000,0.0407000000000000,0.0184000000000000,0.0255000000000000;0.0340000000000000,0.0195000000000000,0.0326000000000000,0.0940000000000000,0.0325000000000000,0.0600000000000000,0.0257000000000000,0.0369000000000000,0.0650000000000000,0.0622000000000000,0.0310000000000000,0.0469000000000000,0.0467000000000000,0.117700000000000,0.0530000000000000,0.0671000000000000,0.0458000000000000,0.0388000000000000,0.0394000000000000,0.0514000000000000;0.0451000000000000,0.0208000000000000,0.0455000000000000,0.0521000000000000,0.0375000000000000,0.0536000000000000,0.0253000000000000,0.0357000000000000,0.0857000000000000,0.0632000000000000,0.0241000000000000,0.0376000000000000,0.0374000000000000,0.0530000000000000,0.191700000000000,0.0547000000000000,0.0375000000000000,0.0524000000000000,0.0135000000000000,0.0336000000000000;0.0719000000000000,0.0377000000000000,0.0527000000000000,0.0542000000000000,0.0481000000000000,0.0385000000000000,0.0554000000000000,0.0462000000000000,0.0573000000000000,0.00370000000000000,0.0490000000000000,0.0587000000000000,0.0450000000000000,0.0671000000000000,0.0547000000000000,0.132300000000000,0.0677000000000000,0.0189000000000000,0.00970000000000000,0.0312000000000000;0.0514000000000000,0.0453000000000000,0.0401000000000000,0.0450000000000000,0.0417000000000000,0.0348000000000000,0.0458000000000000,0.0452000000000000,0.0495000000000000,0.0457000000000000,0.0503000000000000,0.0489000000000000,0.0509000000000000,0.0458000000000000,0.0375000000000000,0.0677000000000000,0.116700000000000,0.0746000000000000,0.0348000000000000,0.0281000000000000;0.0633000000000000,0.0409000000000000,0.0430000000000000,0.0396000000000000,0.0678000000000000,0.00150000000000000,0.0333000000000000,0.117300000000000,0.00950000000000000,0.00120000000000000,0.0714000000000000,0.0411000000000000,0.0407000000000000,0.0388000000000000,0.0524000000000000,0.0189000000000000,0.0746000000000000,0.141900000000000,0.0420000000000000,0.0608000000000000;0.0106000000000000,0.0299000000000000,0.00790000000000000,0.0109000000000000,0.0463000000000000,0.0101000000000000,0.0426000000000000,0.00890000000000000,0.0123000000000000,0.0121000000000000,0.305100000000000,0.00790000000000000,0.0184000000000000,0.0394000000000000,0.0135000000000000,0.00970000000000000,0.0348000000000000,0.0420000000000000,0.178900000000000,0.158800000000000;0.0313000000000000,0.0267000000000000,0.0240000000000000,0.0274000000000000,0.0901000000000000,0.0273000000000000,0.0592000000000000,0.0378000000000000,0.0300000000000000,0.0379000000000000,0.0477000000000000,0.0274000000000000,0.0255000000000000,0.0514000000000000,0.0336000000000000,0.0312000000000000,0.0281000000000000,0.0608000000000000,0.158800000000000,0.144000000000000;];
%         end
% %     case 'Manny'    
%     otherwise
% end
